"Interval start","wifi","lte"
0,0,0
1,0,0
2,6.4166e+06,896272
3,4.84277e+06,1.69136e+06
4,3.81354e+06,2.74829e+06
5,4.94683e+06,2.87994e+06
6,5.01283e+06,3.16197e+06
7,5.01283e+06,4.50203e+06
8,5.06246e+06,4.76211e+06
9,4.98802e+06,5.05794e+06
10,5.03765e+06,4.61171e+06
11,5.01283e+06,3.97278e+06
12,5.06246e+06,4.35379e+06
13,5.01283e+06,5.27398e+06
14,4.75256e+06,4.72098e+06
15,5.38507e+06,3.99648e+06
16,5.03765e+06,5.26186e+06
17,4.91357e+06,4.3368e+06
18,5.03765e+06,5.55518e+06
19,4.93838e+06,5.12016e+06
20,4.9632e+06,2.95138e+06
21,5.01283e+06,2.24283e+06
22,5.06246e+06,2.67483e+06
23,4.98802e+06,4.31306e+06
24,4.93838e+06,4.42518e+06
25,4.98802e+06,4.39331e+06
26,5.00013e+06,4.92666e+06
27,4.9632e+06,5.13914e+06
28,5.08728e+06,4.81405e+06
29,5.03765e+06,4.62728e+06
30,4.93838e+06,4.67486e+06
31,4.98802e+06,4.68674e+06
32,5.03765e+06,4.59941e+06
33,5.01283e+06,4.69043e+06
34,5.04976e+06,5.35075e+06
35,4.9632e+06,5.27474e+06
36,4.91357e+06,5.40246e+06
37,4.91357e+06,4.86082e+06
38,5.03765e+06,4.9837e+06
39,5.03765e+06,4.73878e+06
40,4.98802e+06,5.20624e+06
41,5.03765e+06,5.5013e+06
42,5.02494e+06,4.88859e+06
43,4.91357e+06,4.63693e+06
44,5.03765e+06,4.52021e+06
45,4.9632e+06,4.78691e+06
46,5.08728e+06,4.61848e+06
47,5.01283e+06,4.87712e+06
48,4.91357e+06,5.72722e+06
49,5.00072e+06,5.02285e+06
50,4.98742e+06,5.57894e+06
51,5.02613e+06,3.0271e+06
52,1.70197e+06,956512
